                    Logit Data                    
==================================================
Attribute       Type         Levels
-----------------------------------
Attribute 1    Linear          1
Attribute 2    Linear          1
Attribute 3    Linear          1
Attribute 4    Linear          1
Attribute 5    Linear          1
Attribute 6    Linear          1
Attribute 7    Linear          1
Attribute 8    Linear          1

8 parameters to be estimated.

2044 total units.
Average of 2 alternatives in each of 21 sets per unit.
42924 tasks in total.

Table of choice data pooled across units:
Choice  Count   Pct.
--------------------
   1    21610  50.34%
   2    21314  49.66%

      MCMC Inference for Hierarchical Logit       
==================================================
Total Iterations:          20000
Draws used in estimation:  10000
Units:                     2044
Parameters per unit:       8
Constraints not in effect.
Draws are to be saved.
Prior degrees of freedom:  5
Prior variance:            2

MCMC Iteration Beginning...
Iteration  Acceptance   RLH     Pct. Cert.   Avg. Var.   RMS     Time to End
      100  0.389        0.505   0.014        0.04        0.13    8:53  
      200  0.304        0.511   0.032        0.09        0.26    8:51  
      300  0.304        0.515   0.043        0.14        0.34    9:11  
      400  0.304        0.518   0.050        0.18        0.40    8:50  
      500  0.301        0.519   0.054        0.20        0.43    8:24  
      600  0.303        0.519   0.055        0.21        0.44    8:28  
      700  0.303        0.520   0.057        0.22        0.45    8:13  
      800  0.299        0.520   0.057        0.22        0.46    8:21  
      900  0.301        0.520   0.058        0.23        0.46    8:18  
     1000  0.302        0.521   0.058        0.23        0.46    8:09  
     1100  0.302        0.520   0.057        0.22        0.46    7:59  
     1200  0.301        0.520   0.058        0.22        0.46    7:48  
     1300  0.304        0.520   0.058        0.23        0.46    7:41  
     1400  0.300        0.521   0.058        0.23        0.47    7:35  
     1500  0.300        0.521   0.060        0.23        0.47    7:26  
     1600  0.304        0.521   0.060        0.23        0.47    7:20  
     1700  0.306        0.521   0.060        0.23        0.47    7:16  
     1800  0.304        0.521   0.060        0.23        0.47    7:11  
     1900  0.301        0.521   0.059        0.23        0.47    7:08  
     2000  0.306        0.521   0.059        0.23        0.47    7:04  
     2100  0.300        0.521   0.058        0.23        0.47    7:02  
     2200  0.302        0.521   0.060        0.24        0.48    6:59  
     2300  0.301        0.521   0.060        0.24        0.47    7:01  
     2400  0.300        0.521   0.059        0.23        0.47    6:60  
     2500  0.302        0.521   0.058        0.23        0.47    6:56  
     2600  0.300        0.521   0.059        0.23        0.47    6:52  
     2700  0.302        0.521   0.060        0.23        0.47    6:48  
     2800  0.305        0.521   0.060        0.24        0.47    6:46  
     2900  0.302        0.521   0.059        0.23        0.47    6:46  
     3000  0.300        0.520   0.058        0.22        0.45    6:43  
     3100  0.303        0.520   0.058        0.22        0.46    6:39  
     3200  0.302        0.520   0.057        0.22        0.46    6:34  
     3300  0.299        0.520   0.057        0.22        0.46    6:29  
     3400  0.303        0.520   0.058        0.22        0.46    6:26  
     3500  0.302        0.521   0.058        0.23        0.46    6:23  
     3600  0.304        0.521   0.059        0.23        0.47    6:20  
     3700  0.306        0.521   0.059        0.23        0.47    6:17  
     3800  0.304        0.521   0.060        0.23        0.47    6:16  
     3900  0.302        0.521   0.059        0.23        0.47    6:14  
     4000  0.303        0.520   0.058        0.23        0.46    6:11  
     4100  0.303        0.520   0.058        0.23        0.46    6:10  
     4200  0.302        0.521   0.058        0.23        0.46    6:07  
     4300  0.303        0.520   0.058        0.23        0.46    6:05  
     4400  0.302        0.521   0.058        0.23        0.46    6:04  
     4500  0.301        0.521   0.058        0.23        0.47    5:60  
     4600  0.304        0.521   0.058        0.23        0.47    5:56  
     4700  0.302        0.521   0.058        0.23        0.47    5:53  
     4800  0.301        0.521   0.058        0.23        0.47    5:52  
     4900  0.307        0.521   0.060        0.23        0.47    5:51  
     5000  0.302        0.521   0.060        0.23        0.46    5:49  
     5100  0.299        0.521   0.060        0.23        0.46    5:47  
     5200  0.302        0.521   0.059        0.23        0.47    5:45  
     5300  0.302        0.521   0.059        0.23        0.47    5:43  
     5400  0.306        0.521   0.059        0.23        0.46    5:41  
     5500  0.302        0.521   0.059        0.23        0.46    5:39  
     5600  0.306        0.521   0.058        0.22        0.46    5:36  
     5700  0.301        0.521   0.059        0.23        0.47    5:34  
     5800  0.298        0.521   0.059        0.23        0.47    5:31  
     5900  0.306        0.521   0.060        0.24        0.48    5:29  
     6000  0.304        0.521   0.059        0.24        0.48    5:27  
     6100  0.302        0.521   0.058        0.23        0.47    5:24  
     6200  0.305        0.520   0.058        0.23        0.46    5:23  
     6300  0.300        0.520   0.058        0.22        0.46    5:20  
     6400  0.304        0.521   0.059        0.23        0.47    5:19  
     6500  0.300        0.521   0.060        0.23        0.47    5:18  
     6600  0.300        0.521   0.059        0.23        0.46    5:16  
     6700  0.305        0.520   0.057        0.22        0.46    5:14  
     6800  0.303        0.520   0.057        0.22        0.46    5:11  
     6900  0.302        0.521   0.060        0.23        0.47    5:08  
     7000  0.305        0.521   0.060        0.23        0.47    5:06  
     7100  0.303        0.521   0.061        0.23        0.47    5:03  
     7200  0.301        0.521   0.059        0.23        0.47    5:00  
     7300  0.302        0.521   0.059        0.23        0.47    4:58  
     7400  0.304        0.521   0.059        0.23        0.47    4:56  
     7500  0.298        0.521   0.058        0.22        0.46    4:54  
     7600  0.304        0.521   0.059        0.22        0.46    4:53  
     7700  0.300        0.521   0.059        0.22        0.46    4:51  
     7800  0.302        0.521   0.059        0.22        0.46    4:50  
     7900  0.305        0.521   0.059        0.22        0.46    4:48  
     8000  0.303        0.521   0.059        0.23        0.46    4:46  
     8100  0.301        0.521   0.059        0.23        0.46    4:43  
     8200  0.302        0.521   0.059        0.23        0.47    4:41  
     8300  0.302        0.521   0.059        0.23        0.47    4:39  
     8400  0.303        0.521   0.059        0.24        0.48    4:37  
     8500  0.304        0.521   0.059        0.24        0.48    4:36  
     8600  0.303        0.521   0.059        0.24        0.47    4:34  
     8700  0.305        0.521   0.060        0.24        0.47    4:32  
     8800  0.303        0.521   0.060        0.23        0.47    4:30  
     8900  0.302        0.521   0.060        0.23        0.47    4:28  
     9000  0.304        0.521   0.059        0.23        0.47    4:27  
     9100  0.304        0.521   0.059        0.23        0.47    4:26  
     9200  0.301        0.521   0.060        0.23        0.47    4:25  
     9300  0.303        0.521   0.060        0.22        0.46    4:24  
     9400  0.301        0.521   0.060        0.22        0.46    4:21  
     9500  0.300        0.521   0.058        0.22        0.46    4:19  
     9600  0.302        0.520   0.058        0.22        0.46    4:16  
     9700  0.303        0.521   0.059        0.23        0.46    4:13  
     9800  0.304        0.521   0.059        0.23        0.46    4:11  
     9900  0.304        0.521   0.059        0.23        0.46    4:08  
    10000  0.304        0.521   0.059        0.22        0.46    4:07  
    10100  0.304        0.521   0.060        0.23        0.47    4:04  
    10200  0.303        0.521   0.059        0.23        0.46    4:02  
    10300  0.305        0.520   0.057        0.22        0.45    4:00  
    10400  0.306        0.520   0.056        0.22        0.45    3:58  
    10500  0.302        0.520   0.056        0.22        0.45    3:56  
    10600  0.302        0.520   0.057        0.22        0.46    3:53  
    10700  0.301        0.521   0.058        0.23        0.46    3:51  
    10800  0.302        0.521   0.059        0.23        0.46    3:48  
    10900  0.301        0.521   0.059        0.23        0.46    3:46  
    11000  0.303        0.521   0.059        0.22        0.46    3:44  
    11100  0.302        0.520   0.058        0.22        0.46    3:42  
    11200  0.301        0.521   0.059        0.22        0.46    3:39  
    11300  0.303        0.521   0.058        0.22        0.46    3:37  
    11400  0.303        0.521   0.059        0.22        0.46    3:35  
    11500  0.302        0.521   0.059        0.23        0.47    3:32  
    11600  0.305        0.521   0.059        0.22        0.46    3:30  
    11700  0.307        0.521   0.058        0.23        0.46    3:27  
    11800  0.300        0.521   0.059        0.23        0.47    3:25  
    11900  0.303        0.521   0.059        0.23        0.46    3:23  
    12000  0.304        0.521   0.058        0.23        0.46    3:22  
    12100  0.304        0.520   0.057        0.22        0.46    3:19  
    12200  0.304        0.520   0.056        0.21        0.45    3:17  
    12300  0.301        0.520   0.056        0.21        0.44    3:15  
    12400  0.303        0.520   0.057        0.21        0.45    3:12  
    12500  0.304        0.521   0.058        0.22        0.46    3:10  
    12600  0.301        0.521   0.059        0.22        0.46    3:09  
    12700  0.303        0.521   0.058        0.23        0.46    3:06  
    12800  0.303        0.521   0.059        0.23        0.47    3:04  
    12900  0.305        0.521   0.058        0.23        0.47    3:02  
    13000  0.301        0.521   0.059        0.23        0.47    2:59  
    13100  0.303        0.521   0.059        0.23        0.47    2:57  
    13200  0.304        0.521   0.059        0.23        0.47    2:54  
    13300  0.305        0.521   0.060        0.23        0.47    2:52  
    13400  0.303        0.521   0.059        0.23        0.47    2:50  
    13500  0.302        0.521   0.059        0.23        0.47    2:48  
    13600  0.302        0.520   0.058        0.23        0.47    2:46  
    13700  0.298        0.521   0.059        0.23        0.47    2:44  
    13800  0.298        0.521   0.059        0.24        0.47    2:41  
    13900  0.303        0.521   0.060        0.23        0.47    2:39  
    14000  0.303        0.521   0.060        0.23        0.47    2:36  
    14100  0.303        0.521   0.060        0.23        0.47    2:34  
    14200  0.300        0.521   0.060        0.23        0.47    2:31  
    14300  0.302        0.521   0.060        0.24        0.48    2:29  
    14400  0.301        0.521   0.059        0.23        0.47    2:27  
    14500  0.303        0.520   0.058        0.22        0.46    2:25  
    14600  0.299        0.521   0.058        0.22        0.46    2:22  
    14700  0.305        0.521   0.059        0.23        0.47    2:19  
    14800  0.304        0.521   0.059        0.23        0.47    2:17  
    14900  0.304        0.521   0.058        0.23        0.47    2:14  
    15000  0.302        0.520   0.058        0.22        0.46    2:11  
    15100  0.306        0.520   0.057        0.22        0.45    2:09  
    15200  0.304        0.520   0.056        0.21        0.45    2:06  
    15300  0.303        0.520   0.058        0.22        0.46    2:04  
    15400  0.303        0.521   0.059        0.23        0.47    2:01  
    15500  0.306        0.521   0.058        0.23        0.46    1:59  
    15600  0.307        0.520   0.057        0.22        0.46    1:56  
    15700  0.305        0.521   0.058        0.22        0.46    1:54  
    15800  0.299        0.521   0.059        0.23        0.46    1:51  
    15900  0.303        0.521   0.059        0.23        0.46    1:48  
    16000  0.300        0.521   0.059        0.23        0.46    1:46  
    16100  0.302        0.521   0.058        0.22        0.46    1:43  
    16200  0.305        0.520   0.057        0.22        0.46    1:41  
    16300  0.306        0.520   0.058        0.22        0.46    1:38  
    16400  0.301        0.521   0.058        0.23        0.47    1:35  
    16500  0.302        0.520   0.057        0.23        0.47    1:33  
    16600  0.303        0.520   0.058        0.23        0.46    1:30  
    16700  0.304        0.520   0.057        0.22        0.46    1:28  
    16800  0.302        0.520   0.057        0.23        0.47    1:25  
    16900  0.300        0.521   0.058        0.23        0.46    1:23  
    17000  0.303        0.521   0.058        0.23        0.46    1:20  
    17100  0.303        0.521   0.060        0.23        0.47    1:17  
    17200  0.303        0.521   0.060        0.23        0.47    1:15  
    17300  0.303        0.521   0.059        0.23        0.46    1:12  
    17400  0.302        0.521   0.059        0.23        0.47    1:10  
    17500  0.303        0.521   0.060        0.23        0.47    1:07  
    17600  0.303        0.521   0.060        0.23        0.47    1:04  
    17700  0.304        0.521   0.060        0.24        0.47    1:02  
    17800  0.304        0.521   0.060        0.24        0.47    0:59  
    17900  0.304        0.521   0.060        0.23        0.47    0:56  
    18000  0.302        0.521   0.059        0.23        0.47    0:54  
    18100  0.302        0.521   0.060        0.23        0.47    0:51  
    18200  0.302        0.521   0.059        0.23        0.47    0:48  
    18300  0.303        0.521   0.058        0.23        0.47    0:46  
    18400  0.305        0.521   0.059        0.23        0.46    0:43  
    18500  0.305        0.521   0.059        0.23        0.47    0:40  
    18600  0.301        0.521   0.058        0.22        0.46    0:38  
    18700  0.303        0.521   0.059        0.23        0.47    0:35  
    18800  0.300        0.521   0.061        0.23        0.47    0:32  
    18900  0.302        0.521   0.060        0.23        0.47    0:30  
    19000  0.305        0.521   0.060        0.23        0.47    0:27  
    19100  0.303        0.521   0.060        0.23        0.47    0:24  
    19200  0.299        0.521   0.060        0.23        0.47    0:22  
    19300  0.304        0.521   0.060        0.23        0.47    0:19  
    19400  0.298        0.521   0.059        0.23        0.47    0:16  
    19500  0.307        0.521   0.059        0.23        0.47    0:14  
    19600  0.300        0.520   0.057        0.22        0.46    0:11  
    19700  0.306        0.520   0.058        0.22        0.46    0:08  
    19800  0.302        0.521   0.058        0.22        0.46    0:05  
    19900  0.303        0.520   0.057        0.22        0.46    0:03  
    20000  0.304        0.521   0.058        0.23        0.47    0:00  

Total Time Elapsed: 9:05

Writing estimated unit-level betas to Rbetas.csv in the working directory

Writing RLH, the geometric mean of the likelihood of the choices made,

      across the choice sets of each unit to RLH.csv in the working directory

